"acc","avg_rt","checkbox_status","color","correct","correct_response","count_log_trainning","count_salah_dualnback_","count_salah_estinum","count_salah_flanker","count_salah_gonogo","count_salah_nback","count_salah_stroop","count_telat_estinum","count_telat_flanker","count_telat_stroop","datetime","form_response","live_row","response","response_time","subject_nr","subject_parity","task","time_log_trainning","total_correct","total_response_time","total_responses"
"0","527","no","NA","0","l","1","NA","0","NA","NA","NA","NA","0","NA","NA","Tue Dec 27 17:28:28 2022","Saya Mengerti!","0","a","527","1","odd","estimasi numerik","64356","0","527","1"
"0","638.5","no","NA","0","l","2","NA","1","NA","NA","NA","NA","1","NA","NA","Tue Dec 27 17:28:28 2022","Saya Mengerti!","1","None","750","1","odd","estimasi numerik","67515","0","1277","2"
"33.333333333333336","671.3333333333334","no","NA","1","a","3","NA","2","NA","NA","NA","NA","2","NA","NA","Tue Dec 27 17:28:28 2022","Saya Mengerti!","2","a","737","1","odd","estimasi numerik","69575","1","2014","3"
"50","604.25","no","NA","1","l","4","NA","3","NA","NA","NA","NA","3","NA","NA","Tue Dec 27 17:28:28 2022","Saya Mengerti!","3","l","403","1","odd","estimasi numerik","71311","2","2417","4"
"60","624.8","no","NA","1","l","5","NA","4","NA","NA","NA","NA","4","NA","NA","Tue Dec 27 17:28:28 2022","Saya Mengerti!","4","l","707","1","odd","estimasi numerik","73371","3","3124","5"
"66.66666666666667","562.5","no","NA","1","l","6","NA","5","NA","NA","NA","NA","5","NA","NA","Tue Dec 27 17:28:28 2022","Saya Mengerti!","5","l","251","1","odd","estimasi numerik","74963","4","3375","6"
"71.42857142857143","509.57142857142856","no","NA","1","a","7","NA","6","NA","NA","NA","NA","6","NA","NA","Tue Dec 27 17:28:28 2022","Saya Mengerti!","6","a","192","1","odd","estimasi numerik","76476","5","3567","7"
"75","477.75","no","NA","1","l","8","NA","7","NA","NA","NA","NA","7","NA","NA","Tue Dec 27 17:28:28 2022","Saya Mengerti!","7","l","255","1","odd","estimasi numerik","78066","6","3822","8"
"77.77777777777777","436.3333333333333","no","NA","1","a","9","NA","8","NA","NA","NA","NA","8","NA","NA","Tue Dec 27 17:28:28 2022","Saya Mengerti!","8","a","105","1","odd","estimasi numerik","79514","7","3927","9"
"80","419.7","no","NA","1","a","10","NA","9","NA","NA","NA","NA","9","NA","NA","Tue Dec 27 17:28:28 2022","Saya Mengerti!","9","a","270","1","odd","estimasi numerik","81103","8","4197","10"
"81.81818181818181","393.90909090909093","no","NA","1","l","11","NA","10","NA","NA","NA","NA","10","NA","NA","Tue Dec 27 17:28:28 2022","Saya Mengerti!","10","l","136","1","odd","estimasi numerik","82574","9","4333","11"
"83.33333333333333","388.25","no","NA","1","l","12","NA","11","NA","NA","NA","NA","11","NA","NA","Tue Dec 27 17:28:28 2022","Saya Mengerti!","11","l","326","1","odd","estimasi numerik","84241","10","4659","12"
"84.61538461538461","368.3076923076923","no","NA","1","a","13","NA","12","NA","NA","NA","NA","12","NA","NA","Tue Dec 27 17:28:28 2022","Saya Mengerti!","12","a","129","1","odd","estimasi numerik","85691","11","4788","13"
"85.71428571428571","348.7857142857143","no","NA","1","a","14","NA","13","NA","NA","NA","NA","13","NA","NA","Tue Dec 27 17:28:28 2022","Saya Mengerti!","13","a","95","1","odd","estimasi numerik","87111","12","4883","14"
"86.66666666666667","327.73333333333335","no","NA","1","a","15","NA","14","NA","NA","NA","NA","14","NA","NA","Tue Dec 27 17:28:28 2022","Saya Mengerti!","14","a","33","1","odd","estimasi numerik","88479","13","4916","15"
"87.5","312.625","no","NA","1","a","16","NA","15","NA","NA","NA","NA","15","NA","NA","Tue Dec 27 17:28:28 2022","Saya Mengerti!","15","a","86","1","odd","estimasi numerik","89874","14","5002","16"
"88.23529411764706","294.2352941176471","no","NA","1","a","17","NA","16","NA","NA","NA","NA","16","NA","NA","Tue Dec 27 17:28:28 2022","Saya Mengerti!","16","a","0","1","odd","estimasi numerik","91213","15","5002","17"
"88.88888888888889","277.8888888888889","no","NA","1","l","18","NA","17","NA","NA","NA","NA","17","NA","NA","Tue Dec 27 17:28:28 2022","Saya Mengerti!","17","l","0","1","odd","estimasi numerik","92549","16","5002","18"
"89.47368421052632","296","no","NA","1","l","19","NA","18","NA","NA","NA","NA","18","NA","NA","Tue Dec 27 17:28:28 2022","Saya Mengerti!","18","l","622","1","odd","estimasi numerik","94506","17","5624","19"
"90","281.55","no","NA","1","a","20","NA","19","NA","NA","NA","NA","19","NA","NA","Tue Dec 27 17:28:28 2022","Saya Mengerti!","19","a","7","1","odd","estimasi numerik","95853","18","5631","20"
"90.47619047619048","278.0952380952381","no","NA","1","a","21","NA","20","NA","NA","NA","NA","20","NA","NA","Tue Dec 27 17:28:28 2022","Saya Mengerti!","20","a","209","1","odd","estimasi numerik","97392","19","5840","21"
"90.9090909090909","265.45454545454544","no","NA","1","a","22","NA","21","NA","NA","NA","NA","21","NA","NA","Tue Dec 27 17:28:28 2022","Saya Mengerti!","21","a","0","1","odd","estimasi numerik","98718","20","5840","22"
"91.30434782608695","258.8695652173913","no","NA","1","a","23","NA","22","NA","NA","NA","NA","22","NA","NA","Tue Dec 27 17:28:28 2022","Saya Mengerti!","22","a","114","1","odd","estimasi numerik","100177","21","5954","23"
"87.5","256.1666666666667","no","NA","0","a","24","NA","23","NA","NA","NA","NA","23","NA","NA","Tue Dec 27 17:28:28 2022","Saya Mengerti!","23","l","194","1","odd","estimasi numerik","102516","21","6148","24"
"88","260.48","no","NA","1","l","25","NA","24","NA","NA","NA","NA","24","NA","NA","Tue Dec 27 17:28:28 2022","Saya Mengerti!","24","l","364","1","odd","estimasi numerik","104205","22","6512","25"
"88.46153846153847","254.1153846153846","no","NA","1","l","26","NA","25","NA","NA","NA","NA","25","NA","NA","Tue Dec 27 17:28:28 2022","Saya Mengerti!","25","l","95","1","odd","estimasi numerik","105615","23","6607","26"
"88.88888888888889","249","no","NA","1","a","27","NA","26","NA","NA","NA","NA","26","NA","NA","Tue Dec 27 17:28:28 2022","Saya Mengerti!","26","a","116","1","odd","estimasi numerik","107073","24","6723","27"
"89.28571428571429","249.78571428571428","no","NA","1","a","28","NA","27","NA","NA","NA","NA","27","NA","NA","Tue Dec 27 17:28:28 2022","Saya Mengerti!","27","a","271","1","odd","estimasi numerik","108666","25","6994","28"
"89.65517241379311","245.20689655172413","no","NA","1","a","29","NA","28","NA","NA","NA","NA","28","NA","NA","Tue Dec 27 17:28:28 2022","Saya Mengerti!","28","a","117","1","odd","estimasi numerik","110109","26","7111","29"
"90","240.83333333333334","no","NA","1","l","30","NA","29","NA","NA","NA","NA","29","NA","NA","Tue Dec 27 17:28:28 2022","Saya Mengerti!","29","l","114","1","odd","estimasi numerik","111566","27","7225","30"
"90.3225806451613","237.83870967741936","no","NA","1","l","31","NA","30","NA","NA","NA","NA","30","NA","NA","Tue Dec 27 17:28:28 2022","Saya Mengerti!","30","l","148","1","odd","estimasi numerik","113034","28","7373","31"
"90.625","230.40625","no","NA","1","a","32","NA","31","NA","NA","NA","NA","31","NA","NA","Tue Dec 27 17:28:28 2022","Saya Mengerti!","31","a","0","1","odd","estimasi numerik","114365","29","7373","32"
"90.9090909090909","228.78787878787878","no","NA","1","l","33","NA","32","NA","NA","NA","NA","32","NA","NA","Tue Dec 27 17:28:28 2022","Saya Mengerti!","32","l","177","1","odd","estimasi numerik","115880","30","7550","33"
"91.17647058823529","225.7941176470588","no","NA","1","l","34","NA","33","NA","NA","NA","NA","33","NA","NA","Tue Dec 27 17:28:28 2022","Saya Mengerti!","33","l","127","1","odd","estimasi numerik","117325","31","7677","34"
"91.42857142857143","219.34285714285716","no","NA","1","l","35","NA","34","NA","NA","NA","NA","34","NA","NA","Tue Dec 27 17:28:28 2022","Saya Mengerti!","34","l","0","1","odd","estimasi numerik","118666","32","7677","35"
"91.66666666666667","220.63888888888889","no","NA","1","a","36","NA","35","NA","NA","NA","NA","35","NA","NA","Tue Dec 27 17:28:28 2022","Saya Mengerti!","35","a","266","1","odd","estimasi numerik","120261","33","7943","36"
"91.89189189189189","219.8918918918919","no","NA","1","a","37","NA","36","NA","NA","NA","NA","36","NA","NA","Tue Dec 27 17:28:28 2022","Saya Mengerti!","36","a","193","1","odd","estimasi numerik","121772","34","8136","37"
"92.10526315789474","214.76315789473685","no","NA","1","l","38","NA","37","NA","NA","NA","NA","37","NA","NA","Tue Dec 27 17:28:28 2022","Saya Mengerti!","37","l","25","1","odd","estimasi numerik","123135","35","8161","38"
"92.3076923076923","216.53846153846155","no","NA","1","l","39","NA","38","NA","NA","NA","NA","38","NA","NA","Tue Dec 27 17:28:28 2022","Saya Mengerti!","38","l","284","1","odd","estimasi numerik","124733","36","8445","39"
"92.5","223.675","no","NA","1","a","40","NA","39","NA","NA","NA","NA","39","NA","NA","Tue Dec 27 17:28:28 2022","Saya Mengerti!","39","a","502","1","odd","estimasi numerik","126562","37","8947","40"
"92.6829268292683","220.21951219512195","no","NA","1","l","41","NA","40","NA","NA","NA","NA","40","NA","NA","Tue Dec 27 17:28:28 2022","Saya Mengerti!","40","l","82","1","odd","estimasi numerik","127981","38","9029","41"
"92.85714285714286","216","no","NA","1","l","42","NA","41","NA","NA","NA","NA","41","NA","NA","Tue Dec 27 17:28:28 2022","Saya Mengerti!","41","l","43","1","odd","estimasi numerik","129367","39","9072","42"
"93.02325581395348","215.27906976744185","no","NA","1","a","43","NA","42","NA","NA","NA","NA","42","NA","NA","Tue Dec 27 17:28:28 2022","Saya Mengerti!","42","a","185","1","odd","estimasi numerik","130864","40","9257","43"
"93.18181818181819","216.04545454545453","no","NA","1","a","44","NA","43","NA","NA","NA","NA","43","NA","NA","Tue Dec 27 17:28:28 2022","Saya Mengerti!","43","a","249","1","odd","estimasi numerik","132442","41","9506","44"
"93.33333333333333","216.62222222222223","no","NA","1","a","45","NA","44","NA","NA","NA","NA","44","NA","NA","Tue Dec 27 17:28:28 2022","Saya Mengerti!","44","a","242","1","odd","estimasi numerik","134024","42","9748","45"
"93.47826086956522","213.17391304347825","no","NA","1","a","46","NA","45","NA","NA","NA","NA","45","NA","NA","Tue Dec 27 17:28:28 2022","Saya Mengerti!","45","a","58","1","odd","estimasi numerik","135393","43","9806","46"
"93.61702127659575","223.63829787234042","no","NA","1","a","47","NA","46","NA","NA","NA","NA","46","NA","NA","Tue Dec 27 17:28:28 2022","Saya Mengerti!","46","a","705","1","odd","estimasi numerik","137424","44","10511","47"
"91.66666666666667","234.60416666666666","no","NA","0","a","48","NA","47","NA","NA","NA","NA","47","NA","NA","Tue Dec 27 17:28:28 2022","Saya Mengerti!","47","None","750","1","odd","estimasi numerik","140555","44","11261","48"
"91.83673469387755","231.87755102040816","no","NA","1","a","49","NA","48","NA","NA","NA","NA","48","NA","NA","Tue Dec 27 17:28:28 2022","Saya Mengerti!","48","a","101","1","odd","estimasi numerik","141991","45","11362","49"
"92","234.82","no","NA","1","a","50","NA","49","NA","NA","NA","NA","49","NA","NA","Tue Dec 27 17:28:28 2022","Saya Mengerti!","49","a","379","1","odd","estimasi numerik","143705","46","11741","50"
"92.15686274509804","233.90196078431373","no","NA","1","a","51","NA","50","NA","NA","NA","NA","50","NA","NA","Tue Dec 27 17:28:28 2022","Saya Mengerti!","50","a","188","1","odd","estimasi numerik","145216","47","11929","51"
"92.3076923076923","229.40384615384616","no","NA","1","l","52","NA","51","NA","NA","NA","NA","51","NA","NA","Tue Dec 27 17:28:28 2022","Saya Mengerti!","51","l","0","1","odd","estimasi numerik","146554","48","11929","52"
"92.45283018867924","228.67924528301887","no","NA","1","l","53","NA","52","NA","NA","NA","NA","52","NA","NA","Tue Dec 27 17:28:28 2022","Saya Mengerti!","52","l","191","1","odd","estimasi numerik","148091","49","12120","53"
"92.5925925925926","228.0185185185185","no","NA","1","l","54","NA","53","NA","NA","NA","NA","53","NA","NA","Tue Dec 27 17:28:28 2022","Saya Mengerti!","53","l","193","1","odd","estimasi numerik","149602","50","12313","54"
"92.72727272727273","225.61818181818182","no","NA","1","l","55","NA","54","NA","NA","NA","NA","54","NA","NA","Tue Dec 27 17:28:28 2022","Saya Mengerti!","54","l","96","1","odd","estimasi numerik","151011","51","12409","55"
"92.85714285714286","222.57142857142858","no","NA","1","l","56","NA","55","NA","NA","NA","NA","55","NA","NA","Tue Dec 27 17:28:28 2022","Saya Mengerti!","55","l","55","1","odd","estimasi numerik","152397","52","12464","56"
"92.98245614035088","220.64912280701753","no","NA","1","l","57","NA","56","NA","NA","NA","NA","56","NA","NA","Tue Dec 27 17:28:28 2022","Saya Mengerti!","56","l","113","1","odd","estimasi numerik","153825","53","12577","57"
"93.10344827586206","216.8448275862069","no","NA","1","a","58","NA","57","NA","NA","NA","NA","57","NA","NA","Tue Dec 27 17:28:28 2022","Saya Mengerti!","57","a","0","1","odd","estimasi numerik","155159","54","12577","58"
"93.22033898305085","213.16949152542372","no","NA","1","l","59","NA","58","NA","NA","NA","NA","58","NA","NA","Tue Dec 27 17:28:28 2022","Saya Mengerti!","58","l","0","1","odd","estimasi numerik","156477","55","12577","59"
"93.33333333333333","209.61666666666667","no","NA","1","a","60","NA","59","NA","NA","NA","NA","59","NA","NA","Tue Dec 27 17:28:28 2022","Saya Mengerti!","59","a","0","1","odd","estimasi numerik","157821","56","12577","60"
"93.44262295081967","206.75409836065575","no","NA","1","a","61","NA","60","NA","NA","NA","NA","60","NA","NA","Tue Dec 27 17:28:28 2022","Saya Mengerti!","60","a","35","1","odd","estimasi numerik","159200","57","12612","61"
"93.54838709677419","205.96774193548387","no","NA","1","a","62","NA","61","NA","NA","NA","NA","61","NA","NA","Tue Dec 27 17:28:28 2022","Saya Mengerti!","61","a","158","1","odd","estimasi numerik","160677","58","12770","62"
"93.65079365079364","207.6031746031746","no","NA","1","l","63","NA","62","NA","NA","NA","NA","62","NA","NA","Tue Dec 27 17:28:28 2022","Saya Mengerti!","62","l","309","1","odd","estimasi numerik","162324","59","13079","63"
"93.75","204.4375","no","NA","1","a","64","NA","63","NA","NA","NA","NA","63","NA","NA","Tue Dec 27 17:28:28 2022","Saya Mengerti!","63","a","5","1","odd","estimasi numerik","163676","60","13084","64"
"93.84615384615384","203.5076923076923","no","NA","1","a","65","NA","64","NA","NA","NA","NA","64","NA","NA","Tue Dec 27 17:28:28 2022","Saya Mengerti!","64","a","144","1","odd","estimasi numerik","165138","61","13228","65"
"93.93939393939394","200.42424242424244","no","NA","1","l","66","NA","65","NA","NA","NA","NA","65","NA","NA","Tue Dec 27 17:28:28 2022","Saya Mengerti!","65","l","0","1","odd","estimasi numerik","166469","62","13228","66"
"94.02985074626865","197.43283582089552","no","NA","1","l","67","NA","66","NA","NA","NA","NA","66","NA","NA","Tue Dec 27 17:28:28 2022","Saya Mengerti!","66","l","0","1","odd","estimasi numerik","167784","63","13228","67"
"94.11764705882354","197.63235294117646","no","NA","1","a","68","NA","67","NA","NA","NA","NA","67","NA","NA","Tue Dec 27 17:28:28 2022","Saya Mengerti!","67","a","211","1","odd","estimasi numerik","169329","64","13439","68"
"94.20289855072464","194.94202898550725","no","NA","1","a","69","NA","68","NA","NA","NA","NA","68","NA","NA","Tue Dec 27 17:28:28 2022","Saya Mengerti!","68","a","12","1","odd","estimasi numerik","170658","65","13451","69"
"94.28571428571429","192.38571428571427","no","NA","1","l","70","NA","69","NA","NA","NA","NA","69","NA","NA","Tue Dec 27 17:28:28 2022","Saya Mengerti!","69","l","16","1","odd","estimasi numerik","171991","66","13467","70"
"94.36619718309859","190.38028169014083","no","NA","1","a","71","NA","70","NA","NA","NA","NA","70","NA","NA","Tue Dec 27 17:28:28 2022","Saya Mengerti!","70","a","50","1","odd","estimasi numerik","173383","67","13517","71"
"93.05555555555556","188.04166666666666","no","NA","0","a","72","NA","71","NA","NA","NA","NA","71","NA","NA","Tue Dec 27 17:28:28 2022","Saya Mengerti!","71","l","22","1","odd","estimasi numerik","175546","67","13539","72"
"93.15068493150685","189.8082191780822","no","NA","1","l","73","NA","72","NA","NA","NA","NA","72","NA","NA","Tue Dec 27 17:28:28 2022","Saya Mengerti!","72","l","317","1","odd","estimasi numerik","177189","68","13856","73"
"93.24324324324324","191.6216216216216","no","NA","1","l","74","NA","73","NA","NA","NA","NA","73","NA","NA","Tue Dec 27 17:28:28 2022","Saya Mengerti!","73","l","324","1","odd","estimasi numerik","178848","69","14180","74"
"93.33333333333333","190.30666666666667","no","NA","1","l","75","NA","74","NA","NA","NA","NA","74","NA","NA","Tue Dec 27 17:28:28 2022","Saya Mengerti!","74","l","93","1","odd","estimasi numerik","180283","70","14273","75"
"93.42105263157895","187.93421052631578","no","NA","1","a","76","NA","75","NA","NA","NA","NA","75","NA","NA","Tue Dec 27 17:28:28 2022","Saya Mengerti!","75","a","10","1","odd","estimasi numerik","181626","71","14283","76"
"93.50649350649351","185.4935064935065","no","NA","1","l","77","NA","76","NA","NA","NA","NA","76","NA","NA","Tue Dec 27 17:28:28 2022","Saya Mengerti!","76","l","0","1","odd","estimasi numerik","182980","72","14283","77"
"93.58974358974359","183.1153846153846","no","NA","1","l","78","NA","77","NA","NA","NA","NA","77","NA","NA","Tue Dec 27 17:28:28 2022","Saya Mengerti!","77","l","0","1","odd","estimasi numerik","184326","73","14283","78"
"93.67088607594937","180.79746835443038","no","NA","1","l","79","NA","78","NA","NA","NA","NA","78","NA","NA","Tue Dec 27 17:28:28 2022","Saya Mengerti!","78","l","0","1","odd","estimasi numerik","185651","74","14283","79"
"93.75","179.3375","no","NA","1","a","80","NA","79","NA","NA","NA","NA","79","NA","NA","Tue Dec 27 17:28:28 2022","Saya Mengerti!","79","a","64","1","odd","estimasi numerik","187055","75","14347","80"
"93.82716049382717","177.12345679012347","no","NA","1","l","81","NA","80","NA","NA","NA","NA","80","NA","NA","Tue Dec 27 17:28:28 2022","Saya Mengerti!","80","l","0","1","odd","estimasi numerik","188368","76","14347","81"
"92.6829268292683","174.96341463414635","no","NA","0","l","82","NA","81","NA","NA","NA","NA","81","NA","NA","Tue Dec 27 17:28:28 2022","Saya Mengerti!","81","a","0","1","odd","estimasi numerik","190545","76","14347","82"
"92.7710843373494","174.6987951807229","no","NA","1","l","83","NA","82","NA","NA","NA","NA","82","NA","NA","Tue Dec 27 17:28:28 2022","Saya Mengerti!","82","l","153","1","odd","estimasi numerik","192028","77","14500","83"
"92.85714285714286","172.92857142857142","no","NA","1","a","84","NA","83","NA","NA","NA","NA","83","NA","NA","Tue Dec 27 17:28:28 2022","Saya Mengerti!","83","a","26","1","odd","estimasi numerik","193378","78","14526","84"
"92.94117647058823","170.89411764705883","no","NA","1","a","85","NA","84","NA","NA","NA","NA","84","NA","NA","Tue Dec 27 17:28:28 2022","Saya Mengerti!","84","a","0","1","odd","estimasi numerik","194709","79","14526","85"
"93.02325581395348","168.90697674418604","no","NA","1","l","86","NA","85","NA","NA","NA","NA","85","NA","NA","Tue Dec 27 17:28:28 2022","Saya Mengerti!","85","l","0","1","odd","estimasi numerik","196045","80","14526","86"
"93.10344827586206","168.29885057471265","no","NA","1","a","87","NA","86","NA","NA","NA","NA","86","NA","NA","Tue Dec 27 17:28:28 2022","Saya Mengerti!","86","a","116","1","odd","estimasi numerik","197470","81","14642","87"
"93.18181818181819","166.38636363636363","no","NA","1","a","88","NA","87","NA","NA","NA","NA","87","NA","NA","Tue Dec 27 17:28:28 2022","Saya Mengerti!","87","a","0","1","odd","estimasi numerik","198804","82","14642","88"
"93.25842696629213","165.14606741573033","no","NA","1","l","89","NA","88","NA","NA","NA","NA","88","NA","NA","Tue Dec 27 17:28:28 2022","Saya Mengerti!","88","l","56","1","odd","estimasi numerik","200172","83","14698","89"
"92.22222222222223","165.43333333333334","no","NA","0","l","90","NA","89","NA","NA","NA","NA","89","NA","NA","Tue Dec 27 17:28:28 2022","Saya Mengerti!","89","a","191","1","odd","estimasi numerik","202505","83","14889","90"
