"acc","avg_rt","checkbox_status","color","correct","correct_response","count_log_trainning","count_salah_dualnback_","count_salah_estinum","count_salah_flanker","count_salah_gonogo","count_salah_nback","count_salah_stroop","count_telat_estinum","count_telat_flanker","count_telat_stroop","datetime","form_response","live_row","response","response_time","subject_nr","subject_parity","task","time_log_trainning","total_correct","total_response_time","total_responses"
"100","1042","no","black","1","None","1","0","NA","NA","NA","NA","NA","NA","NA","NA","Wed Jul  6 20:11:40 2022","Mulai","0","None","1042","1","odd","emotional n back task","136338","1","1042","1"
"100","1042","no","black","1","None","2","1","NA","NA","NA","NA","NA","NA","NA","NA","Wed Jul  6 20:11:40 2022","Mulai","1","None","1042","1","odd","emotional n back task","138664","2","2084","2"
"100","741.6666666666666","no","black","1","a","3","2","NA","NA","NA","NA","NA","NA","NA","NA","Wed Jul  6 20:11:40 2022","Mulai","2","a","141","1","odd","emotional n back task","140458","3","2225","3"
"100","816.75","no","black","1","None","4","3","NA","NA","NA","NA","NA","NA","NA","NA","Wed Jul  6 20:11:40 2022","Mulai","3","None","1042","1","odd","emotional n back task","142804","4","3267","4"
"80","861.8","no","black","0","l","5","4","NA","NA","NA","NA","NA","NA","NA","NA","Wed Jul  6 20:11:40 2022","Mulai","4","None","1042","1","odd","emotional n back task","145499","4","4309","5"
"66.66666666666667","892","no","black","0","a","6","5","NA","NA","NA","NA","NA","NA","NA","NA","Wed Jul  6 20:11:40 2022","Mulai","5","None","1043","1","odd","emotional n back task","148249","4","5352","6"
"57.142857142857146","802.4285714285714","no","black","0","None","7","6","NA","NA","NA","NA","NA","NA","NA","NA","Wed Jul  6 20:11:40 2022","Mulai","6","l","265","1","odd","emotional n back task","150182","4","5617","7"
"50","702.125","no","black","0","None","8","7","NA","NA","NA","NA","NA","NA","NA","NA","Wed Jul  6 20:11:40 2022","Mulai","7","a","0","1","odd","emotional n back task","151835","4","5617","8"
"44.44444444444444","739.8888888888889","no","black","0","l","9","8","NA","NA","NA","NA","NA","NA","NA","NA","Wed Jul  6 20:11:40 2022","Mulai","8","None","1042","1","odd","emotional n back task","154596","4","6659","9"
"50","758.2","no","black","1","a","10","9","NA","NA","NA","NA","NA","NA","NA","NA","Wed Jul  6 20:11:40 2022","Mulai","9","a","923","1","odd","emotional n back task","157173","5","7582","10"
"45.45454545454545","689.2727272727273","no","black","0","None","11","10","NA","NA","NA","NA","NA","NA","NA","NA","Wed Jul  6 20:11:40 2022","Mulai","10","a","0","1","odd","emotional n back task","158878","5","7582","11"
"41.666666666666664","739.6666666666666","no","black","0","l","12","11","NA","NA","NA","NA","NA","NA","NA","NA","Wed Jul  6 20:11:40 2022","Mulai","11","None","1294","1","odd","emotional n back task","161841","5","8876","12"
"46.15384615384615","762.9230769230769","no","black","1","None","13","12","NA","NA","NA","NA","NA","NA","NA","NA","Wed Jul  6 20:11:40 2022","Mulai","12","None","1042","1","odd","emotional n back task","164185","6","9918","13"
"42.857142857142854","782.8571428571429","no","black","0","a","14","13","NA","NA","NA","NA","NA","NA","NA","NA","Wed Jul  6 20:11:40 2022","Mulai","13","None","1042","1","odd","emotional n back task","166882","6","10960","14"
"40","800.1333333333333","no","black","0","l","15","14","NA","NA","NA","NA","NA","NA","NA","NA","Wed Jul  6 20:11:40 2022","Mulai","14","None","1042","1","odd","emotional n back task","169642","6","12002","15"
"37.5","815.25","no","black","0","l","16","15","NA","NA","NA","NA","NA","NA","NA","NA","Wed Jul  6 20:11:40 2022","Mulai","15","None","1042","1","odd","emotional n back task","172351","6","13044","16"
"35.294117647058826","828.5882352941177","no","black","0","l","17","16","NA","NA","NA","NA","NA","NA","NA","NA","Wed Jul  6 20:11:40 2022","Mulai","16","None","1042","1","odd","emotional n back task","175069","6","14086","17"
"33.333333333333336","840.4444444444445","no","black","0","a","18","17","NA","NA","NA","NA","NA","NA","NA","NA","Wed Jul  6 20:11:40 2022","Mulai","17","None","1042","1","odd","emotional n back task","177755","6","15128","18"
"36.8421052631579","851.0526315789474","no","black","1","None","19","18","NA","NA","NA","NA","NA","NA","NA","NA","Wed Jul  6 20:11:40 2022","Mulai","18","None","1042","1","odd","emotional n back task","180085","7","16170","19"
"40","860.6","no","black","1","None","20","19","NA","NA","NA","NA","NA","NA","NA","NA","Wed Jul  6 20:11:40 2022","Mulai","19","None","1042","1","odd","emotional n back task","182532","8","17212","20"
"38.095238095238095","869.2380952380952","no","black","0","a","21","20","NA","NA","NA","NA","NA","NA","NA","NA","Wed Jul  6 20:11:40 2022","Mulai","20","None","1042","1","odd","emotional n back task","185227","8","18254","21"
"40.90909090909091","877.0909090909091","no","black","1","None","22","21","NA","NA","NA","NA","NA","NA","NA","NA","Wed Jul  6 20:11:40 2022","Mulai","21","None","1042","1","odd","emotional n back task","187640","9","19296","22"
"39.130434782608695","884.2608695652174","no","black","0","a","23","22","NA","NA","NA","NA","NA","NA","NA","NA","Wed Jul  6 20:11:40 2022","Mulai","22","None","1042","1","odd","emotional n back task","190337","9","20338","23"
"41.666666666666664","890.8333333333334","no","black","1","None","24","23","NA","NA","NA","NA","NA","NA","NA","NA","Wed Jul  6 20:11:40 2022","Mulai","23","None","1042","1","odd","emotional n back task","192739","10","21380","24"
"44","896.88","no","black","1","None","25","24","NA","NA","NA","NA","NA","NA","NA","NA","Wed Jul  6 20:11:40 2022","Mulai","24","None","1042","1","odd","emotional n back task","195100","11","22422","25"
"42.30769230769231","902.4615384615385","no","black","0","l","26","25","NA","NA","NA","NA","NA","NA","NA","NA","Wed Jul  6 20:11:40 2022","Mulai","25","None","1042","1","odd","emotional n back task","197793","11","23464","26"
"40.74074074074074","907.6296296296297","no","black","0","a","27","26","NA","NA","NA","NA","NA","NA","NA","NA","Wed Jul  6 20:11:40 2022","Mulai","26","None","1042","1","odd","emotional n back task","200491","11","24506","27"
"42.857142857142854","912.4285714285714","no","black","1","None","28","27","NA","NA","NA","NA","NA","NA","NA","NA","Wed Jul  6 20:11:40 2022","Mulai","27","None","1042","1","odd","emotional n back task","202822","12","25548","28"
"41.37931034482759","916.8965517241379","no","black","0","l","29","28","NA","NA","NA","NA","NA","NA","NA","NA","Wed Jul  6 20:11:40 2022","Mulai","28","None","1042","1","odd","emotional n back task","205526","12","26590","29"
"40","921.0666666666667","no","black","0","l","30","29","NA","NA","NA","NA","NA","NA","NA","NA","Wed Jul  6 20:11:40 2022","Mulai","29","None","1042","1","odd","emotional n back task","208276","12","27632","30"
"41.935483870967744","924.9677419354839","no","black","1","None","31","30","NA","NA","NA","NA","NA","NA","NA","NA","Wed Jul  6 20:11:40 2022","Mulai","30","None","1042","1","odd","emotional n back task","210607","13","28674","31"
"40.625","928.625","no","black","0","a","32","31","NA","NA","NA","NA","NA","NA","NA","NA","Wed Jul  6 20:11:40 2022","Mulai","31","None","1042","1","odd","emotional n back task","213294","13","29716","32"
"39.39393939393939","932.060606060606","no","black","0","l","33","32","NA","NA","NA","NA","NA","NA","NA","NA","Wed Jul  6 20:11:40 2022","Mulai","32","None","1042","1","odd","emotional n back task","215981","13","30758","33"
"41.1764705882353","935.2941176470588","no","black","1","None","34","33","NA","NA","NA","NA","NA","NA","NA","NA","Wed Jul  6 20:11:40 2022","Mulai","33","None","1042","1","odd","emotional n back task","218319","14","31800","34"
"40","938.3428571428572","no","black","0","a","35","34","NA","NA","NA","NA","NA","NA","NA","NA","Wed Jul  6 20:11:40 2022","Mulai","34","None","1042","1","odd","emotional n back task","221088","14","32842","35"
"41.666666666666664","941.2222222222222","no","black","1","None","36","35","NA","NA","NA","NA","NA","NA","NA","NA","Wed Jul  6 20:11:40 2022","Mulai","35","None","1042","1","odd","emotional n back task","223414","15","33884","36"
"40.54054054054054","943.9459459459459","no","black","0","l","37","36","NA","NA","NA","NA","NA","NA","NA","NA","Wed Jul  6 20:11:40 2022","Mulai","36","None","1042","1","odd","emotional n back task","226113","15","34926","37"
"39.473684210526315","946.5263157894736","no","black","0","a","38","37","NA","NA","NA","NA","NA","NA","NA","NA","Wed Jul  6 20:11:40 2022","Mulai","37","None","1042","1","odd","emotional n back task","228802","15","35968","38"
"41.02564102564103","948.974358974359","no","black","1","None","39","38","NA","NA","NA","NA","NA","NA","NA","NA","Wed Jul  6 20:11:40 2022","Mulai","38","None","1042","1","odd","emotional n back task","231129","16","37010","39"
"42.5","951.35","no","black","1","None","40","39","NA","NA","NA","NA","NA","NA","NA","NA","Wed Jul  6 20:11:40 2022","Mulai","39","None","1044","1","odd","emotional n back task","233498","17","38054","40"
"43.90243902439025","953.560975609756","no","black","1","None","41","40","NA","NA","NA","NA","NA","NA","NA","NA","Wed Jul  6 20:11:40 2022","Mulai","40","None","1042","1","odd","emotional n back task","235869","18","39096","41"
"42.857142857142854","955.6666666666666","no","black","0","a","42","41","NA","NA","NA","NA","NA","NA","NA","NA","Wed Jul  6 20:11:40 2022","Mulai","41","None","1042","1","odd","emotional n back task","238565","18","40138","42"
"44.18604651162791","957.6744186046511","no","black","1","None","43","42","NA","NA","NA","NA","NA","NA","NA","NA","Wed Jul  6 20:11:40 2022","Mulai","42","None","1042","1","odd","emotional n back task","240901","19","41180","43"
"43.18181818181818","959.5909090909091","no","black","0","l","44","43","NA","NA","NA","NA","NA","NA","NA","NA","Wed Jul  6 20:11:40 2022","Mulai","43","None","1042","1","odd","emotional n back task","243671","19","42222","44"
"44.44444444444444","961.4222222222222","no","black","1","None","45","44","NA","NA","NA","NA","NA","NA","NA","NA","Wed Jul  6 20:11:40 2022","Mulai","44","None","1042","1","odd","emotional n back task","245999","20","43264","45"
"45.65217391304348","963.1739130434783","no","black","1","None","46","45","NA","NA","NA","NA","NA","NA","NA","NA","Wed Jul  6 20:11:40 2022","Mulai","45","None","1042","1","odd","emotional n back task","248346","21","44306","46"
"44.680851063829785","964.8723404255319","no","black","0","l","47","46","NA","NA","NA","NA","NA","NA","NA","NA","Wed Jul  6 20:11:40 2022","Mulai","46","None","1043","1","odd","emotional n back task","251084","21","45349","47"
"45.833333333333336","966.4791666666666","no","black","1","None","48","47","NA","NA","NA","NA","NA","NA","NA","NA","Wed Jul  6 20:11:40 2022","Mulai","47","None","1042","1","odd","emotional n back task","253409","22","46391","48"
"44.89795918367347","968.0204081632653","no","black","0","a","49","48","NA","NA","NA","NA","NA","NA","NA","NA","Wed Jul  6 20:11:40 2022","Mulai","48","None","1042","1","odd","emotional n back task","256106","22","47433","49"
"46","969.5","no","black","1","None","50","49","NA","NA","NA","NA","NA","NA","NA","NA","Wed Jul  6 20:11:40 2022","Mulai","49","None","1042","1","odd","emotional n back task","258438","23","48475","50"
"45.09803921568628","970.9215686274509","no","black","0","l","51","50","NA","NA","NA","NA","NA","NA","NA","NA","Wed Jul  6 20:11:40 2022","Mulai","50","None","1042","1","odd","emotional n back task","261135","23","49517","51"
"46.15384615384615","972.2884615384615","no","black","1","None","52","51","NA","NA","NA","NA","NA","NA","NA","NA","Wed Jul  6 20:11:40 2022","Mulai","51","None","1042","1","odd","emotional n back task","263467","24","50559","52"
"45.283018867924525","973.6037735849056","no","black","0","l","53","52","NA","NA","NA","NA","NA","NA","NA","NA","Wed Jul  6 20:11:40 2022","Mulai","52","None","1042","1","odd","emotional n back task","266220","24","51601","53"
"46.2962962962963","974.8703703703703","no","black","1","None","54","53","NA","NA","NA","NA","NA","NA","NA","NA","Wed Jul  6 20:11:40 2022","Mulai","53","None","1042","1","odd","emotional n back task","268549","25","52643","54"
"45.45454545454545","976.0909090909091","no","black","0","l","55","54","NA","NA","NA","NA","NA","NA","NA","NA","Wed Jul  6 20:11:40 2022","Mulai","54","None","1042","1","odd","emotional n back task","271271","25","53685","55"
"44.642857142857146","977.2678571428571","no","black","0","a","56","55","NA","NA","NA","NA","NA","NA","NA","NA","Wed Jul  6 20:11:40 2022","Mulai","55","None","1042","1","odd","emotional n back task","273963","25","54727","56"
"45.6140350877193","978.4035087719299","no","black","1","None","57","56","NA","NA","NA","NA","NA","NA","NA","NA","Wed Jul  6 20:11:40 2022","Mulai","56","None","1042","1","odd","emotional n back task","276302","26","55769","57"
"46.55172413793103","979.5","no","black","1","None","58","57","NA","NA","NA","NA","NA","NA","NA","NA","Wed Jul  6 20:11:40 2022","Mulai","57","None","1042","1","odd","emotional n back task","278685","27","56811","58"
"45.76271186440678","980.5762711864406","no","black","0","l","59","58","NA","NA","NA","NA","NA","NA","NA","NA","Wed Jul  6 20:11:40 2022","Mulai","58","None","1043","1","odd","emotional n back task","281401","27","57854","59"
"45","981.6","no","black","0","a","60","59","NA","NA","NA","NA","NA","NA","NA","NA","Wed Jul  6 20:11:40 2022","Mulai","59","None","1042","1","odd","emotional n back task","284099","27","58896","60"
"44.26229508196721","982.5901639344262","no","black","0","a","61","60","NA","NA","NA","NA","NA","NA","NA","NA","Wed Jul  6 20:11:40 2022","Mulai","60","None","1042","1","odd","emotional n back task","286792","27","59938","61"
"45.16129032258065","983.5645161290323","no","black","1","None","62","61","NA","NA","NA","NA","NA","NA","NA","NA","Wed Jul  6 20:11:40 2022","Mulai","61","None","1043","1","odd","emotional n back task","289121","28","60981","62"
"46.03174603174603","984.4920634920635","no","black","1","None","63","62","NA","NA","NA","NA","NA","NA","NA","NA","Wed Jul  6 20:11:40 2022","Mulai","62","None","1042","1","odd","emotional n back task","291511","29","62023","63"
"45.3125","985.390625","no","black","0","l","64","63","NA","NA","NA","NA","NA","NA","NA","NA","Wed Jul  6 20:11:40 2022","Mulai","63","None","1042","1","odd","emotional n back task","294237","29","63065","64"
"46.15384615384615","986.2615384615384","no","black","1","None","65","64","NA","NA","NA","NA","NA","NA","NA","NA","Wed Jul  6 20:11:40 2022","Mulai","64","None","1042","1","odd","emotional n back task","296587","30","64107","65"
"45.45454545454545","987.1060606060606","no","black","0","a","66","65","NA","NA","NA","NA","NA","NA","NA","NA","Wed Jul  6 20:11:40 2022","Mulai","65","None","1042","1","odd","emotional n back task","299307","30","65149","66"
"46.26865671641791","987.9253731343283","no","black","1","None","67","66","NA","NA","NA","NA","NA","NA","NA","NA","Wed Jul  6 20:11:40 2022","Mulai","66","None","1042","1","odd","emotional n back task","301628","31","66191","67"
"47.05882352941177","988.7205882352941","no","black","1","None","68","67","NA","NA","NA","NA","NA","NA","NA","NA","Wed Jul  6 20:11:40 2022","Mulai","67","None","1042","1","odd","emotional n back task","303953","32","67233","68"
"46.3768115942029","989.4927536231884","no","black","0","l","69","68","NA","NA","NA","NA","NA","NA","NA","NA","Wed Jul  6 20:11:40 2022","Mulai","68","None","1042","1","odd","emotional n back task","306647","32","68275","69"
"47.142857142857146","990.2428571428571","no","black","1","None","70","69","NA","NA","NA","NA","NA","NA","NA","NA","Wed Jul  6 20:11:40 2022","Mulai","69","None","1042","1","odd","emotional n back task","308987","33","69317","70"
"47.88732394366197","990.9859154929577","no","black","1","None","71","70","NA","NA","NA","NA","NA","NA","NA","NA","Wed Jul  6 20:11:40 2022","Mulai","70","None","1043","1","odd","emotional n back task","311325","34","70360","71"
"48.611111111111114","991.6944444444445","no","black","1","None","72","71","NA","NA","NA","NA","NA","NA","NA","NA","Wed Jul  6 20:11:40 2022","Mulai","71","None","1042","1","odd","emotional n back task","313645","35","71402","72"
"49.31506849315068","992.3835616438356","no","black","1","None","73","72","NA","NA","NA","NA","NA","NA","NA","NA","Wed Jul  6 20:11:40 2022","Mulai","72","None","1042","1","odd","emotional n back task","315972","36","72444","73"
"48.648648648648646","993.0945945945946","no","black","0","l","74","73","NA","NA","NA","NA","NA","NA","NA","NA","Wed Jul  6 20:11:40 2022","Mulai","73","None","1045","1","odd","emotional n back task","318727","36","73489","74"
"48","993.7466666666667","no","black","0","a","75","74","NA","NA","NA","NA","NA","NA","NA","NA","Wed Jul  6 20:11:40 2022","Mulai","74","None","1042","1","odd","emotional n back task","321451","36","74531","75"
"48.68421052631579","994.3815789473684","no","black","1","None","76","75","NA","NA","NA","NA","NA","NA","NA","NA","Wed Jul  6 20:11:40 2022","Mulai","75","None","1042","1","odd","emotional n back task","323827","37","75573","76"
"49.35064935064935","995","no","black","1","None","77","76","NA","NA","NA","NA","NA","NA","NA","NA","Wed Jul  6 20:11:40 2022","Mulai","76","None","1042","1","odd","emotional n back task","326154","38","76615","77"
"48.717948717948715","995.6025641025641","no","black","0","a","78","77","NA","NA","NA","NA","NA","NA","NA","NA","Wed Jul  6 20:11:40 2022","Mulai","77","None","1042","1","odd","emotional n back task","328849","38","77657","78"
"48.10126582278481","996.1898734177215","no","black","0","a","79","78","NA","NA","NA","NA","NA","NA","NA","NA","Wed Jul  6 20:11:40 2022","Mulai","78","None","1042","1","odd","emotional n back task","331601","38","78699","79"
"48.75","996.7625","no","black","1","None","80","79","NA","NA","NA","NA","NA","NA","NA","NA","Wed Jul  6 20:11:40 2022","Mulai","79","None","1042","1","odd","emotional n back task","333927","39","79741","80"
"49.382716049382715","997.320987654321","no","black","1","None","81","80","NA","NA","NA","NA","NA","NA","NA","NA","Wed Jul  6 20:11:40 2022","Mulai","80","None","1042","1","odd","emotional n back task","336249","40","80783","81"
"48.78048780487805","997.8780487804878","no","black","0","a","82","81","NA","NA","NA","NA","NA","NA","NA","NA","Wed Jul  6 20:11:40 2022","Mulai","81","None","1043","1","odd","emotional n back task","338951","40","81826","82"
"49.397590361445786","998.4216867469879","no","black","1","None","83","82","NA","NA","NA","NA","NA","NA","NA","NA","Wed Jul  6 20:11:40 2022","Mulai","82","None","1043","1","odd","emotional n back task","341295","41","82869","83"
"48.80952380952381","998.9404761904761","no","black","0","l","84","83","NA","NA","NA","NA","NA","NA","NA","NA","Wed Jul  6 20:11:40 2022","Mulai","83","None","1042","1","odd","emotional n back task","343981","41","83911","84"
"49.411764705882355","999.4588235294118","no","black","1","None","85","84","NA","NA","NA","NA","NA","NA","NA","NA","Wed Jul  6 20:11:40 2022","Mulai","84","None","1043","1","odd","emotional n back task","346382","42","84954","85"
"50","999.953488372093","no","black","1","None","86","85","NA","NA","NA","NA","NA","NA","NA","NA","Wed Jul  6 20:11:40 2022","Mulai","85","None","1042","1","odd","emotional n back task","348705","43","85996","86"
"50.57471264367816","1000.4367816091954","no","black","1","None","87","86","NA","NA","NA","NA","NA","NA","NA","NA","Wed Jul  6 20:11:40 2022","Mulai","86","None","1042","1","odd","emotional n back task","351033","44","87038","87"
"50","1000.9090909090909","no","black","0","a","88","87","NA","NA","NA","NA","NA","NA","NA","NA","Wed Jul  6 20:11:40 2022","Mulai","87","None","1042","1","odd","emotional n back task","353724","44","88080","88"
